type,price,qty,status,operation,balance,orderId,orderLinkId,profit_loss,prediction
buy,0.2318059299192327,5.0,ok,1,1.16029770 ETH,1703387447213425152,1703387447213425153,0.2318059299192327,0.35671616
buy,0.2318059299192327,5.0,ok,2,1.16196603 ETH,1703387454754783744,1703387454754783745,0.0,0.35671616
buy,0.2318059299192327,5.0,ok,3,1.16363436 ETH,1703387462229033472,1703387462229033473,0.0,0.35671616
buy,0.2371967654986519,5.0,ok,4,1.16530269 ETH,1703387469812335104,1703387469812335105,0.00539083557941919,0.3576543
buy,0.0,5.0,ok,5,1.16697102 ETH,1703387479157244416,1703387479157244417,-0.2371967654986519,0.31092376
buy,0.2371967654986519,5.0,ok,6,1.16863935 ETH,1703387483234107904,1703387483234107905,0.2371967654986519,0.3576543
buy,0.2371967654986519,5.0,ok,7,1.17030768 ETH,1703387492788732416,1703387492788732417,0.0,0.3576543
buy,0.0026954177898232,5.0,ok,8,1.17197601 ETH,1703387496790098432,1703387496790098433,-0.2345013477088287,0.31149793
buy,0.0026954177898232,5.0,ok,9,1.17364434 ETH,1703387500850184704,1703387500850184705,0.0,0.31149793
buy,0.0026954177898232,5.0,ok,10,1.17531267 ETH,1703387504901882368,1703387504901882369,0.0,0.31149793
buy,0.0026954177898232,5.0,ok,11,1.17698100 ETH,1703387509012300288,1703387509012300289,0.0,0.31149793
buy,0.0,5.0,ok,12,1.17864933 ETH,1703387513080775168,1703387513080775169,-0.0026954177898232,0.31092376
buy,0.0,5.0,ok,13,1.18031766 ETH,1703387517132472832,1703387517132472833,0.0,0.31092376
buy,0.0053908355795329,5.0,ok,14,1.18198599 ETH,1703387521167393280,1703387521167393281,0.0053908355795329,0.3120717
buy,0.0053908355795329,5.0,ok,15,1.18365432 ETH,1703387525269422592,1703387525269422593,0.0,0.3120717
buy,0.0053908355795329,5.0,ok,16,1.18532265 ETH,1703387529312731648,1703387529312731649,0.0,0.3120717
buy,0.0053908355795329,5.0,ok,17,1.18699098 ETH,1703387533330874880,1703387533330874881,0.0,0.3120717
buy,0.1590296495957091,5.0,ok,18,1.18865931 ETH,1703387537416126976,1703387537416126977,0.15363881401617618,0.34339187
buy,0.307277628032466,5.0,ok,19,1.19032764 ETH,1703387541476213248,1703387541476213249,0.1482479784367569,0.36920345
buy,0.1590296495957091,5.0,ok,20,1.19199597 ETH,1703387545536299520,1703387545536299521,-0.1482479784367569,0.34339187
buy,0.1590296495957091,5.0,ok,21,1.19366430 ETH,1703387549873209856,1703387549873209857,0.0,0.34339187
buy,0.3045822102426427,5.0,ok,22,1.19533263 ETH,1703387553941684736,1703387553941684737,0.14555256064693362,0.3687817
sell,0.3962264150944747,0.001,ok,23,1.19433263 ETH,1703387558001771008,1703387558001771009,0.091644204851832,0.38212785
buy,0.3045822102426427,5.0,ok,24,1.19600096 ETH,1703387562003137024,1703387562003137025,0.0,0.3687817
buy,0.3045822102426427,5.0,ok,25,1.19766929 ETH,1703387566021280256,1703387566021280257,0.0,0.3687817
buy,0.307277628032466,5.0,ok,26,1.19933762 ETH,1703387570072977920,1703387570072977921,0.0026954177898232956,0.36920345
buy,0.3045822102426427,5.0,ok,27,1.20100595 ETH,1703387574166618624,1703387574166618625,-0.0026954177898232956,0.3687817
buy,0.307277628032466,5.0,ok,28,1.20267428 ETH,1703387578436420096,1703387578436420097,0.0026954177898232956,0.36920345
buy,0.307277628032466,5.0,ok,29,1.20434261 ETH,1703387582530060800,1703387582530060801,0.0,0.36920345
sell,0.5229110512129864,0.001,ok,30,1.20334261 ETH,1703387586573369856,1703387586573369857,0.21563342318052042,0.3974278
sell,0.5202156334232768,0.001,ok,31,1.20234261 ETH,1703387590616678912,1703387590616678913,0.21293800539081081,0.39713675
sell,0.5202156334232768,0.001,ok,32,1.20134261 ETH,1703387594685153792,1703387594685153793,0.21293800539081081,0.39713675
sell,0.5202156334232768,0.001,ok,33,1.20034261 ETH,1703387598736851456,1703387598736851457,0.21293800539081081,0.39713675
sell,0.956873315363964,0.001,ok,34,1.19934261 ETH,1703387602796937728,1703387602796937729,0.6495956873314981,0.43046314
sell,0.962264150943497,0.001,ok,35,1.19834261 ETH,1703387606857024000,1703387606857024001,0.654986522911031,0.43074632
sell,0.962264150943497,0.001,ok,36,1.19734261 ETH,1703387610917110272,1703387610925498880,0.654986522911031,0.43074632
sell,0.962264150943497,0.001,ok,37,1.19634261 ETH,1703387614977196544,1703387614977196545,0.654986522911031,0.43074632
sell,0.962264150943497,0.001,ok,38,1.19534261 ETH,1703387618978562560,1703387618978562561,0.654986522911031,0.43074632
sell,0.962264150943497,0.001,ok,39,1.19434261 ETH,1703387623021871616,1703387623021871617,0.654986522911031,0.43074632
sell,0.9973045822102904,0.001,ok,40,1.19334261 ETH,1703387627056792064,1703387627056792065,0.6900269541778243,0.4325335
sell,0.9973045822102904,0.001,ok,41,1.19234261 ETH,1703387631091712512,1703387631091712513,0.6900269541778243,0.4325335
sell,0.9973045822102904,0.001,ok,42,1.19134261 ETH,1703387635126632960,1703387635126632961,0.6900269541778243,0.4325335
sell,1.0,0.001,ok,43,1.19034261 ETH,1703387639186719232,1703387639186719233,0.692722371967534,0.43266726
sell,1.0,0.001,ok,44,1.18934261 ETH,1703387643221639680,1703387643221639681,0.692722371967534,0.43266726
sell,0.983827493261515,0.001,ok,45,1.18834261 ETH,1703387647466275328,1703387647466275329,0.6765498652290489,0.43185687
sell,0.9865229110513384,0.001,ok,46,1.18734261 ETH,1703387651534750208,1703387651534750209,0.6792452830188724,0.4319933
sell,0.6981132075471805,0.001,ok,47,1.18634261 ETH,1703387655536116224,1703387655536116225,0.39083557951471454,0.41367662
sell,0.9865229110513384,0.001,ok,48,1.18534261 ETH,1703387659579425280,1703387659579425281,0.6792452830188724,0.4319933
sell,0.9865229110513384,0.001,ok,49,1.18434261 ETH,1703387663639511552,1703387663639511553,0.6792452830188724,0.4319933
sell,0.9865229110513384,0.001,ok,50,1.18334261 ETH,1703387667682820608,1703387667682820609,0.6792452830188724,0.4319933
buy,0.2318059299192327,5.0,ok,51,1.18501094 ETH,1703387671768072704,1703387671768072705,-0.07547169811323329,0.35671616
buy,0.2318059299192327,5.0,ok,52,1.18667927 ETH,1703387675903656448,1703387675903656449,0.0,0.35671616
buy,0.2318059299192327,5.0,ok,53,1.18834760 ETH,1703387679997297152,1703387679997297153,0.0,0.35671616
buy,0.2371967654986519,5.0,ok,54,1.19001593 ETH,1703387684023828992,1703387684023828993,0.00539083557941919,0.3576543
buy,0.0,5.0,ok,55,1.19168426 ETH,1703387688058749440,1703387688058749441,-0.2371967654986519,0.31092376
buy,0.2371967654986519,5.0,ok,56,1.19335259 ETH,1703387692085281280,1703387692085281281,0.2371967654986519,0.3576543
buy,0.2371967654986519,5.0,ok,57,1.19502092 ETH,1703387696262808064,1703387696262808065,0.0,0.3576543
buy,0.0026954177898232,5.0,ok,58,1.19668925 ETH,1703387700289339904,1703387700289339905,-0.2345013477088287,0.31149793
buy,0.0026954177898232,5.0,ok,59,1.19835758 ETH,1703387704315871744,1703387704315871745,0.0,0.31149793
buy,0.0026954177898232,5.0,ok,60,1.20002591 ETH,1703387708384346624,1703387708384346625,0.0,0.31149793
buy,0.0026954177898232,5.0,ok,61,1.20169424 ETH,1703387712561873408,1703387712561873409,0.0,0.31149793
buy,0.0,5.0,ok,62,1.20336257 ETH,1703387716630348288,1703387716630348289,-0.0026954177898232,0.31092376
buy,0.0,5.0,ok,63,1.20503090 ETH,1703387720833040896,1703387720833040897,0.0,0.31092376
buy,0.0053908355795329,5.0,ok,64,1.20669923 ETH,1703387724977013248,1703387724977013249,0.0053908355795329,0.3120717
buy,0.0053908355795329,5.0,ok,65,1.20836756 ETH,1703387729020322304,1703387729020322305,0.0,0.3120717
buy,0.0053908355795329,5.0,ok,66,1.21003589 ETH,1703387733038465536,1703387733038465537,0.0,0.3120717
buy,0.0053908355795329,5.0,ok,67,1.21170422 ETH,1703387737098551808,1703387737098551809,0.0,0.3120717
buy,0.1590296495957091,5.0,ok,68,1.21337255 ETH,1703387741150249472,1703387741150249473,0.15363881401617618,0.34339187
buy,0.307277628032466,5.0,ok,69,1.21504088 ETH,1703387745160004096,1703387745160004097,0.1482479784367569,0.36920345
buy,0.1590296495957091,5.0,ok,70,1.21670921 ETH,1703387749169758720,1703387749169758721,-0.1482479784367569,0.34339187
buy,0.1590296495957091,5.0,ok,71,1.21837754 ETH,1703387753288565248,1703387753288565249,0.0,0.34339187
buy,0.3045822102426427,5.0,ok,72,1.22004587 ETH,1703387757323485696,1703387757323485697,0.14555256064693362,0.3687817
sell,0.3962264150944747,0.001,ok,73,1.21904587 ETH,1703387761391960576,1703387761400349184,0.091644204851832,0.38212785
buy,0.3045822102426427,5.0,ok,74,1.22071420 ETH,1703387765460435456,1703387765460435457,0.0,0.3687817
buy,0.3045822102426427,5.0,ok,75,1.22238253 ETH,1703387769554076160,1703387769554076161,0.0,0.3687817
buy,0.307277628032466,5.0,ok,76,1.22405086 ETH,1703387773588996608,1703387773588996609,0.0026954177898232956,0.36920345
buy,0.3045822102426427,5.0,ok,77,1.22571919 ETH,1703387777657471488,1703387777657471489,-0.0026954177898232956,0.3687817
buy,0.307277628032466,5.0,ok,78,1.22738752 ETH,1703387781709169152,1703387781717557760,0.0026954177898232956,0.36920345
buy,0.307277628032466,5.0,ok,79,1.22905585 ETH,1703387785718923776,1703387785718923777,0.0,0.36920345
sell,0.5229110512129864,0.001,ok,80,1.22805585 ETH,1703387789779010048,1703387789779010049,0.21563342318052042,0.3974278
sell,0.5202156334232768,0.001,ok,81,1.22705585 ETH,1703387793822319104,1703387793822319105,0.21293800539081081,0.39713675
sell,0.5202156334232768,0.001,ok,82,1.22605585 ETH,1703387797865628160,1703387797874016768,0.21293800539081081,0.39713675
sell,0.5202156334232768,0.001,ok,83,1.22505585 ETH,1703387802085097984,1703387802085097985,0.21293800539081081,0.39713675
sell,0.956873315363964,0.001,ok,84,1.22405585 ETH,1703387806153572864,1703387806161961472,0.6495956873314981,0.43046314
sell,0.962264150943497,0.001,ok,85,1.22305585 ETH,1703387810213659136,1703387810213659137,0.654986522911031,0.43074632
sell,0.962264150943497,0.001,ok,86,1.22205585 ETH,1703387814248579584,1703387814248579585,0.654986522911031,0.43074632
sell,0.962264150943497,0.001,ok,87,1.22105585 ETH,1703387818283500032,1703387818283500033,0.654986522911031,0.43074632
sell,0.962264150943497,0.001,ok,88,1.22005585 ETH,1703387822343586304,1703387822343586305,0.654986522911031,0.43074632
sell,0.962264150943497,0.001,ok,89,1.21905585 ETH,1703387826428838400,1703387826428838401,0.654986522911031,0.43074632
sell,0.9973045822102904,0.001,ok,90,1.21805585 ETH,1703387830421815808,1703387830421815809,0.6900269541778243,0.4325335
sell,0.9973045822102904,0.001,ok,91,1.21705585 ETH,1703387834490290688,1703387834498679296,0.6900269541778243,0.4325335
sell,0.9973045822102904,0.001,ok,92,1.21605585 ETH,1703387838525211136,1703387838525211137,0.6900269541778243,0.4325335
sell,1.0,0.001,ok,93,1.21505585 ETH,1703387842560131584,1703387842560131585,0.692722371967534,0.43266726
sell,1.0,0.001,ok,94,1.21405585 ETH,1703387846813155840,1703387846813155841,0.692722371967534,0.43266726
sell,0.983827493261515,0.001,ok,95,1.21305585 ETH,1703387851007459840,1703387851007459841,0.6765498652290489,0.43185687
sell,0.9865229110513384,0.001,ok,96,1.21205585 ETH,1703387855117877760,1703387855117877761,0.6792452830188724,0.4319933
sell,0.6981132075471805,0.001,ok,97,1.21105585 ETH,1703387859211518464,1703387859211518465,0.39083557951471454,0.41367662
sell,0.9865229110513384,0.001,ok,98,1.21005585 ETH,1703387863221273088,1703387863221273089,0.6792452830188724,0.4319933
sell,0.9865229110513384,0.001,ok,99,1.20905585 ETH,1703387867289747968,1703387867289747969,0.6792452830188724,0.4319933
sell,0.9865229110513384,0.001,ok,100,1.20805585 ETH,1703387871333057024,1703387871341445632,0.6792452830188724,0.4319933
buy,0.2318059299192327,5.0,ok,101,1.20972418 ETH,1703387875393143296,1703387875393143297,-0.07547169811323329,0.35671616
buy,0.2318059299192327,5.0,ok,102,1.21139251 ETH,1703387879428063744,1703387879428063745,0.0,0.35671616
buy,0.2318059299192327,5.0,ok,103,1.21306084 ETH,1703387883437818368,1703387883437818369,0.0,0.35671616
buy,0.2371967654986519,5.0,ok,104,1.21472917 ETH,1703387887472738816,1703387887472738817,0.00539083557941919,0.3576543
buy,0.0,5.0,ok,105,1.21639750 ETH,1703387891532825088,1703387891532825089,-0.2371967654986519,0.31092376
buy,0.2371967654986519,5.0,ok,106,1.21806583 ETH,1703387895576134144,1703387895576134145,0.2371967654986519,0.3576543
buy,0.2371967654986519,5.0,ok,107,1.21973416 ETH,1703387899703329280,1703387899703329281,0.0,0.3576543
buy,0.0026954177898232,5.0,ok,108,1.22140249 ETH,1703387903838913024,1703387903838913025,-0.2345013477088287,0.31149793
buy,0.0026954177898232,5.0,ok,109,1.22307082 ETH,1703387907882222080,1703387907882222081,0.0,0.31149793
buy,0.0026954177898232,5.0,ok,110,1.22473915 ETH,1703387911925531136,1703387911925531137,0.0,0.31149793
buy,0.0026954177898232,5.0,ok,111,1.22640748 ETH,1703387916363104768,1703387916363104769,0.0,0.31149793
buy,0.0,5.0,ok,112,1.22807581 ETH,1703387920490299904,1703387920490299905,-0.0026954177898232,0.31092376
buy,0.0,5.0,ok,113,1.22974414 ETH,1703387924533608960,1703387924533608961,0.0,0.31092376
buy,0.0053908355795329,5.0,ok,114,1.23141247 ETH,1703387928543363584,1703387928543363585,0.0053908355795329,0.3120717
buy,0.0053908355795329,5.0,ok,115,1.23308080 ETH,1703387932595061248,1703387932595061249,0.0,0.3120717
buy,0.0053908355795329,5.0,ok,116,1.23474913 ETH,1703387936671924736,1703387936671924737,0.0,0.3120717
buy,0.0053908355795329,5.0,ok,117,1.23641746 ETH,1703387940673290752,1703387940673290753,0.0,0.3120717
buy,0.1590296495957091,5.0,ok,118,1.23808579 ETH,1703387944892760576,1703387944892760577,0.15363881401617618,0.34339187
buy,0.307277628032466,5.0,ok,119,1.23975412 ETH,1703387948969624064,1703387948969624065,0.1482479784367569,0.36920345
buy,0.1590296495957091,5.0,ok,120,1.24142245 ETH,1703387953130373632,1703387953130373633,-0.1482479784367569,0.34339187
buy,0.1590296495957091,5.0,ok,121,1.24309078 ETH,1703387957198848512,1703387957198848513,0.0,0.34339187
buy,0.3045822102426427,5.0,ok,122,1.24475911 ETH,1703387962139738624,1703387962139738625,0.14555256064693362,0.3687817
sell,0.3962264150944747,0.001,ok,123,1.24375911 ETH,1703387966224990720,1703387966224990721,0.091644204851832,0.38212785
buy,0.3045822102426427,5.0,ok,124,1.24542744 ETH,1703387970301854208,1703387970301854209,0.0,0.3687817
buy,0.3045822102426427,5.0,ok,125,1.24709577 ETH,1703387974303220224,1703387974303220225,0.0,0.3687817
buy,0.307277628032466,5.0,ok,126,1.24876410 ETH,1703387978396860928,1703387978396860929,0.0026954177898232956,0.36920345
buy,0.3045822102426427,5.0,ok,127,1.25043243 ETH,1703387982633107968,1703387982633107969,-0.0026954177898232956,0.3687817
buy,0.307277628032466,5.0,ok,128,1.25210076 ETH,1703387987372671488,1703387987372671489,0.0026954177898232956,0.36920345
buy,0.307277628032466,5.0,ok,129,1.25376909 ETH,1703387991407591936,1703387991407591937,0.0,0.36920345
sell,0.5229110512129864,0.001,ok,130,1.25276909 ETH,1703387995450900992,1703387995450900993,0.21563342318052042,0.3974278
sell,0.5202156334232768,0.001,ok,131,1.25176909 ETH,1703387999980749312,1703387999980749313,0.21293800539081081,0.39713675
sell,0.5202156334232768,0.001,ok,132,1.25076909 ETH,1703388004007281152,1703388004015669760,0.21293800539081081,0.39713675
sell,0.5202156334232768,0.001,ok,133,1.24976909 ETH,1703388008151253504,1703388008159642112,0.21293800539081081,0.39713675
sell,0.956873315363964,0.001,ok,134,1.24876909 ETH,1703388012219728384,1703388012219728385,0.6495956873314981,0.43046314
sell,0.962264150943497,0.001,ok,135,1.24776909 ETH,1703388016229483008,1703388016229483009,0.654986522911031,0.43074632
sell,0.962264150943497,0.001,ok,136,1.24676909 ETH,1703388020239237632,1703388020239237633,0.654986522911031,0.43074632
sell,0.962264150943497,0.001,ok,137,1.24576909 ETH,1703388024290935296,1703388024290935297,0.654986522911031,0.43074632
sell,0.962264150943497,0.001,ok,138,1.24476909 ETH,1703388028325855744,1703388028325855745,0.654986522911031,0.43074632
sell,0.962264150943497,0.001,ok,139,1.24376909 ETH,1703388032427885056,1703388032427885057,0.654986522911031,0.43074632
sell,0.9973045822102904,0.001,ok,140,1.24276909 ETH,1703388036437639680,1703388036437639681,0.6900269541778243,0.4325335
sell,0.9973045822102904,0.001,ok,141,1.24176909 ETH,1703388040455782912,1703388040455782913,0.6900269541778243,0.4325335
sell,0.9973045822102904,0.001,ok,142,1.24076909 ETH,1703388044482314752,1703388044482314753,0.6900269541778243,0.4325335
sell,1.0,0.001,ok,143,1.23976909 ETH,1703388048559178240,1703388048559178241,0.692722371967534,0.43266726
sell,1.0,0.001,ok,144,1.23876909 ETH,1703388052552155648,1703388052552155649,0.692722371967534,0.43266726
sell,0.983827493261515,0.001,ok,145,1.23776909 ETH,1703388056620630528,1703388056620630529,0.6765498652290489,0.43185687
sell,0.9865229110513384,0.001,ok,146,1.23676909 ETH,1703388060680716800,1703388060680716801,0.6792452830188724,0.4319933
sell,0.6981132075471805,0.001,ok,147,1.23576909 ETH,1703388064715637248,1703388064715637249,0.39083557951471454,0.41367662
sell,0.9865229110513384,0.001,ok,148,1.23476909 ETH,1703388068742169088,1703388068742169089,0.6792452830188724,0.4319933
sell,0.9865229110513384,0.001,ok,149,1.23376909 ETH,1703388072768700928,1703388072777089536,0.6792452830188724,0.4319933
sell,0.9865229110513384,0.001,ok,150,1.23276909 ETH,1703388076803621376,1703388076803621377,0.6792452830188724,0.4319933
buy,0.2318059299192327,5.0,ok,151,1.23443742 ETH,1703388080888873472,1703388080888873473,-0.07547169811323329,0.35671616
buy,0.2318059299192327,5.0,ok,152,1.23610575 ETH,1703388085209006592,1703388085209006593,0.0,0.35671616
buy,0.2318059299192327,5.0,ok,153,1.23777408 ETH,1703388089537528320,1703388089537528321,0.0,0.35671616
buy,0.2371967654986519,5.0,ok,154,1.23944241 ETH,1703388093555671552,1703388093555671553,0.00539083557941919,0.3576543
buy,0.0,5.0,ok,155,1.24111074 ETH,1703388097573814784,1703388097573814785,-0.2371967654986519,0.31092376
buy,0.2371967654986519,5.0,ok,156,1.24277907 ETH,1703388101600346624,1703388101600346625,0.2371967654986519,0.3576543
buy,0.2371967654986519,5.0,ok,157,1.24444740 ETH,1703388105635267072,1703388105635267073,0.0,0.3576543
buy,0.0026954177898232,5.0,ok,158,1.24611573 ETH,1703388109695353344,1703388109695353345,-0.2345013477088287,0.31149793
buy,0.0026954177898232,5.0,ok,159,1.24778406 ETH,1703388113772216832,1703388113772216833,0.0,0.31149793
buy,0.0026954177898232,5.0,ok,160,1.24945239 ETH,1703388117798748672,1703388117798748673,0.0,0.31149793
buy,0.0026954177898232,5.0,ok,161,1.25112072 ETH,1703388121858834944,1703388121858834945,0.0,0.31149793
buy,0.0,5.0,ok,162,1.25278905 ETH,1703388125927309824,1703388125927309825,-0.0026954177898232,0.31092376
buy,0.0,5.0,ok,163,1.25445738 ETH,1703388129987396096,1703388129987396097,0.0,0.31092376
buy,0.0053908355795329,5.0,ok,164,1.25612571 ETH,1703388134047482368,1703388134047482369,0.0053908355795329,0.3120717
buy,0.0053908355795329,5.0,ok,165,1.25779404 ETH,1703388138141123072,1703388138149511680,0.0,0.3120717
buy,0.0053908355795329,5.0,ok,166,1.25946237 ETH,1703388142293484032,1703388142293484033,0.0,0.3120717
buy,0.0053908355795329,5.0,ok,167,1.26113070 ETH,1703388146429067776,1703388146429067777,0.0,0.3120717
buy,0.1590296495957091,5.0,ok,168,1.26279903 ETH,1703388150463988224,1703388150463988225,0.15363881401617618,0.34339187
buy,0.307277628032466,5.0,ok,169,1.26446736 ETH,1703388154515685888,1703388154515685889,0.1482479784367569,0.36920345
buy,0.1590296495957091,5.0,ok,170,1.26613569 ETH,1703388158533829120,1703388158533829121,-0.1482479784367569,0.34339187
buy,0.1590296495957091,5.0,ok,171,1.26780402 ETH,1703388162593915392,1703388162593915393,0.0,0.34339187
buy,0.3045822102426427,5.0,ok,172,1.26947235 ETH,1703388166804996608,1703388166804996609,0.14555256064693362,0.3687817
sell,0.3962264150944747,0.001,ok,173,1.26847235 ETH,1703388170823139840,1703388170823139841,0.091644204851832,0.38212785
buy,0.3045822102426427,5.0,ok,174,1.27014068 ETH,1703388174874837504,1703388174874837505,0.0,0.3687817
buy,0.3045822102426427,5.0,ok,175,1.27180901 ETH,1703388178926535168,1703388178926535169,0.0,0.3687817
buy,0.307277628032466,5.0,ok,176,1.27347734 ETH,1703388183011787264,1703388183011787265,0.0026954177898232956,0.36920345
buy,0.3045822102426427,5.0,ok,177,1.27514567 ETH,1703388187088650752,1703388187088650753,-0.0026954177898232956,0.3687817
buy,0.307277628032466,5.0,ok,178,1.27681400 ETH,1703388191173902848,1703388191173902849,0.0026954177898232956,0.36920345
buy,0.307277628032466,5.0,ok,179,1.27848233 ETH,1703388195250766336,1703388195250766337,0.0,0.36920345
sell,0.5229110512129864,0.001,ok,180,1.27748233 ETH,1703388199721894400,1703388199721894401,0.21563342318052042,0.3974278
sell,0.5202156334232768,0.001,ok,181,1.27648233 ETH,1703388203983307264,1703388203983307265,0.21293800539081081,0.39713675
sell,0.5202156334232768,0.001,ok,182,1.27548233 ETH,1703388208035004928,1703388208035004929,0.21293800539081081,0.39713675
sell,0.5202156334232768,0.001,ok,183,1.27448233 ETH,1703388212178977280,1703388212178977281,0.21293800539081081,0.39713675
sell,0.956873315363964,0.001,ok,184,1.27348233 ETH,1703388216171954688,1703388216171954689,0.6495956873314981,0.43046314
sell,0.962264150943497,0.001,ok,185,1.27248233 ETH,1703388220223652352,1703388220223652353,0.654986522911031,0.43074632
sell,0.962264150943497,0.001,ok,186,1.27148233 ETH,1703388224241795584,1703388224241795585,0.654986522911031,0.43074632
sell,0.962264150943497,0.001,ok,187,1.27048233 ETH,1703388228310270464,1703388228310270465,0.654986522911031,0.43074632
sell,0.962264150943497,0.001,ok,188,1.26948233 ETH,1703388232370356736,1703388232370356737,0.654986522911031,0.43074632
sell,0.962264150943497,0.001,ok,189,1.26848233 ETH,1703388236405277184,1703388236405277185,0.654986522911031,0.43074632
sell,0.9973045822102904,0.001,ok,190,1.26748233 ETH,1703388240431809024,1703388240431809025,0.6900269541778243,0.4325335
sell,0.9973045822102904,0.001,ok,191,1.26648233 ETH,1703388244491895296,1703388244491895297,0.6900269541778243,0.4325335
sell,0.9973045822102904,0.001,ok,192,1.26548233 ETH,1703388248568758784,1703388248568758785,0.6900269541778243,0.4325335
sell,1.0,0.001,ok,193,1.26448233 ETH,1703388252704342528,1703388252704342529,0.692722371967534,0.43266726
sell,1.0,0.001,ok,194,1.26348233 ETH,1703388256739262976,1703388256739262977,0.692722371967534,0.43266726
sell,0.983827493261515,0.001,ok,195,1.26248233 ETH,1703388260799349248,1703388260799349249,0.6765498652290489,0.43185687
sell,0.9865229110513384,0.001,ok,196,1.26148233 ETH,1703388264851046912,1703388264851046913,0.6792452830188724,0.4319933
sell,0.6981132075471805,0.001,ok,197,1.26048233 ETH,1703388268936299008,1703388268936299009,0.39083557951471454,0.41367662
sell,0.9865229110513384,0.001,ok,198,1.25948233 ETH,1703388272979608064,1703388272979608065,0.6792452830188724,0.4319933
sell,0.9865229110513384,0.001,ok,199,1.25848233 ETH,1703388277006139904,1703388277006139905,0.6792452830188724,0.4319933
sell,0.9865229110513384,0.001,ok,200,1.25748233 ETH,1703388281091392000,1703388281091392001,0.6792452830188724,0.4319933
buy,0.2318059299192327,5.0,ok,201,1.25915066 ETH,1703388285101146624,1703388285101146625,-0.07547169811323329,0.35671616
buy,0.2318059299192327,5.0,ok,202,1.26081899 ETH,1703388289136067072,1703388289136067073,0.0,0.35671616
buy,0.2318059299192327,5.0,ok,203,1.26248732 ETH,1703388293154210304,1703388293154210305,0.0,0.35671616
buy,0.2371967654986519,5.0,ok,204,1.26415565 ETH,1703388297197519360,1703388297197519361,0.00539083557941919,0.3576543
buy,0.0,5.0,ok,205,1.26582398 ETH,1703388301232439808,1703388301232439809,-0.2371967654986519,0.31092376
buy,0.2371967654986519,5.0,ok,206,1.26749231 ETH,1703388305300914688,1703388305300914689,0.2371967654986519,0.3576543
buy,0.2371967654986519,5.0,ok,207,1.26916064 ETH,1703388309361000960,1703388309361000961,0.0,0.3576543
buy,0.0026954177898232,5.0,ok,208,1.27082897 ETH,1703388313446253056,1703388313454641664,-0.2345013477088287,0.31149793
buy,0.0026954177898232,5.0,ok,209,1.27249730 ETH,1703388317682500096,1703388317682500097,0.0,0.31149793
buy,0.0026954177898232,5.0,ok,210,1.27416563 ETH,1703388321709031936,1703388321709031937,0.0,0.31149793
buy,0.0026954177898232,5.0,ok,211,1.27583396 ETH,1703388325727175168,1703388325727175169,0.0,0.31149793
buy,0.0,5.0,ok,212,1.27750229 ETH,1703388329770484224,1703388329770484225,-0.0026954177898232,0.31092376
buy,0.0,5.0,ok,213,1.27917062 ETH,1703388333838959104,1703388333838959105,0.0,0.31092376
buy,0.0053908355795329,5.0,ok,214,1.28083895 ETH,1703388337873879552,1703388337873879553,0.0053908355795329,0.3120717
buy,0.0053908355795329,5.0,ok,215,1.28250728 ETH,1703388342009463296,1703388342009463297,0.0,0.3120717
buy,0.0053908355795329,5.0,ok,216,1.28417561 ETH,1703388346044383744,1703388346044383745,0.0,0.3120717
buy,0.0053908355795329,5.0,ok,217,1.28584394 ETH,1703388350096081408,1703388350096081409,0.0,0.3120717
buy,0.1590296495957091,5.0,ok,218,1.28751227 ETH,1703388354131001856,1703388354131001857,0.15363881401617618,0.34339187
buy,0.307277628032466,5.0,ok,219,1.28918060 ETH,1703388358132367872,1703388358132367873,0.1482479784367569,0.36920345
buy,0.1590296495957091,5.0,ok,220,1.29084893 ETH,1703388362460889600,1703388362460889601,-0.1482479784367569,0.34339187
buy,0.1590296495957091,5.0,ok,221,1.29251726 ETH,1703388366504198656,1703388366504198657,0.0,0.34339187
buy,0.3045822102426427,5.0,ok,222,1.29418559 ETH,1703388370732057088,1703388370732057089,0.14555256064693362,0.3687817
sell,0.3962264150944747,0.001,ok,223,1.29318559 ETH,1703388374766977536,1703388374766977537,0.091644204851832,0.38212785
buy,0.3045822102426427,5.0,ok,224,1.29485392 ETH,1703388378827063808,1703388378827063809,0.0,0.3687817
buy,0.3045822102426427,5.0,ok,225,1.29652225 ETH,1703388382971036160,1703388382971036161,0.0,0.3687817
buy,0.307277628032466,5.0,ok,226,1.29819058 ETH,1703388387073065472,1703388387073065473,0.0026954177898232956,0.36920345
buy,0.3045822102426427,5.0,ok,227,1.29985891 ETH,1703388391158317568,1703388391158317569,-0.0026954177898232956,0.3687817
buy,0.307277628032466,5.0,ok,228,1.30152724 ETH,1703388395193238016,1703388395193238017,0.0026954177898232956,0.36920345
buy,0.307277628032466,5.0,ok,229,1.30319557 ETH,1703388399253324288,1703388399253324289,0.0,0.36920345
sell,0.5229110512129864,0.001,ok,230,1.30219557 ETH,1703388403296633344,1703388403296633345,0.21563342318052042,0.3974278
sell,0.5202156334232768,0.001,ok,231,1.30119557 ETH,1703388407323165184,1703388407323165185,0.21293800539081081,0.39713675
sell,0.5202156334232768,0.001,ok,232,1.30019557 ETH,1703388411358085632,1703388411358085633,0.21293800539081081,0.39713675
sell,0.5202156334232768,0.001,ok,233,1.29919557 ETH,1703388415418171904,1703388415418171905,0.21293800539081081,0.39713675
sell,0.956873315363964,0.001,ok,234,1.29819557 ETH,1703388419469869568,1703388419469869569,0.6495956873314981,0.43046314
sell,0.962264150943497,0.001,ok,235,1.29719557 ETH,1703388423588676096,1703388423588676097,0.654986522911031,0.43074632
sell,0.962264150943497,0.001,ok,236,1.29619557 ETH,1703388427606819328,1703388427606819329,0.654986522911031,0.43074632
sell,0.962264150943497,0.001,ok,237,1.29519557 ETH,1703388431692071424,1703388431692071425,0.654986522911031,0.43074632
sell,0.962264150943497,0.001,ok,238,1.29419557 ETH,1703388435735380480,1703388435735380481,0.654986522911031,0.43074632
sell,0.962264150943497,0.001,ok,239,1.29319557 ETH,1703388439736746496,1703388439736746497,0.654986522911031,0.43074632
sell,0.9973045822102904,0.001,ok,240,1.29219557 ETH,1703388443788444160,1703388443788444161,0.6900269541778243,0.4325335
sell,0.9973045822102904,0.001,ok,241,1.29119557 ETH,1703388447840141824,1703388447840141825,0.6900269541778243,0.4325335
sell,0.9973045822102904,0.001,ok,242,1.29019557 ETH,1703388451891839488,1703388451891839489,0.6900269541778243,0.4325335
sell,1.0,0.001,ok,243,1.28919557 ETH,1703388455951925760,1703388455951925761,0.692722371967534,0.43266726
sell,1.0,0.001,ok,244,1.28819557 ETH,1703388459978457600,1703388459978457601,0.692722371967534,0.43266726
sell,0.983827493261515,0.001,ok,245,1.28719557 ETH,1703388464046932480,1703388464046932481,0.6765498652290489,0.43185687
sell,0.9865229110513384,0.001,ok,246,1.28619557 ETH,1703388468073464320,1703388468073464321,0.6792452830188724,0.4319933
sell,0.6981132075471805,0.001,ok,247,1.28519557 ETH,1703388472066441728,1703388472066441729,0.39083557951471454,0.41367662
sell,0.9865229110513384,0.001,ok,248,1.28419557 ETH,1703388476126528000,1703388476126528001,0.6792452830188724,0.4319933
sell,0.9865229110513384,0.001,ok,249,1.28319557 ETH,1703388480169837056,1703388480169837057,0.6792452830188724,0.4319933
sell,0.9865229110513384,0.001,ok,250,1.28219557 ETH,1703388484221534720,1703388484221534721,0.6792452830188724,0.4319933
buy,0.2318059299192327,5.0,ok,251,1.28386390 ETH,1703388488290009600,1703388488290009601,-0.07547169811323329,0.35671616
buy,0.2318059299192327,5.0,ok,252,1.28553223 ETH,1703388492333318656,1703388492333318657,0.0,0.35671616
buy,0.2318059299192327,5.0,ok,253,1.28720056 ETH,1703388496351461888,1703388496351461889,0.0,0.35671616
buy,0.2371967654986519,5.0,ok,254,1.28886889 ETH,1703388500394770944,1703388500394770945,0.00539083557941919,0.3576543
buy,0.0,5.0,ok,255,1.29053722 ETH,1703388504480023040,1703388504480023041,-0.2371967654986519,0.31092376
buy,0.2371967654986519,5.0,ok,256,1.29220555 ETH,1703388508506554880,1703388508506554881,0.2371967654986519,0.3576543
buy,0.2371967654986519,5.0,ok,257,1.29387388 ETH,1703388512524698112,1703388512524698113,0.0,0.3576543
buy,0.0026954177898232,5.0,ok,258,1.29554221 ETH,1703388516584784384,1703388516584784385,-0.2345013477088287,0.31149793
buy,0.0026954177898232,5.0,ok,259,1.29721054 ETH,1703388520602927616,1703388520602927617,0.0,0.31149793
buy,0.0026954177898232,5.0,ok,260,1.29887887 ETH,1703388524688179712,1703388524688179713,0.0,0.31149793
buy,0.0026954177898232,5.0,ok,261,1.30054720 ETH,1703388528756654592,1703388528756654593,0.0,0.31149793
buy,0.0,5.0,ok,262,1.30221553 ETH,1703388532791575040,1703388532791575041,-0.0026954177898232,0.31092376
buy,0.0,5.0,ok,263,1.30388386 ETH,1703388536834884096,1703388536834884097,0.0,0.31092376
buy,0.0053908355795329,5.0,ok,264,1.30555219 ETH,1703388540869804544,1703388540869804545,0.0053908355795329,0.3120717
buy,0.0053908355795329,5.0,ok,265,1.30722052 ETH,1703388544921502208,1703388544921502209,0.0,0.3120717
buy,0.0053908355795329,5.0,ok,266,1.30888885 ETH,1703388548931256832,1703388548931256833,0.0,0.3120717
buy,0.0053908355795329,5.0,ok,267,1.31055718 ETH,1703388553033286144,1703388553033286145,0.0,0.3120717
buy,0.1590296495957091,5.0,ok,268,1.31222551 ETH,1703388557076595200,1703388557076595201,0.15363881401617618,0.34339187
buy,0.307277628032466,5.0,ok,269,1.31389384 ETH,1703388561094738432,1703388561103127040,0.1482479784367569,0.36920345
buy,0.1590296495957091,5.0,ok,270,1.31556217 ETH,1703388565163213312,1703388565163213313,-0.1482479784367569,0.34339187
buy,0.1590296495957091,5.0,ok,271,1.31723050 ETH,1703388569156190720,1703388569156190721,0.0,0.34339187
buy,0.3045822102426427,5.0,ok,272,1.31889883 ETH,1703388573325328896,1703388573325328897,0.14555256064693362,0.3687817
sell,0.3962264150944747,0.001,ok,273,1.31789883 ETH,1703388577360249344,1703388577360249345,0.091644204851832,0.38212785
buy,0.3045822102426427,5.0,ok,274,1.31956716 ETH,1703388581411947008,1703388581411947009,0.0,0.3687817
buy,0.3045822102426427,5.0,ok,275,1.32123549 ETH,1703388585497199104,1703388585497199105,0.0,0.3687817
buy,0.307277628032466,5.0,ok,276,1.32290382 ETH,1703388589557285376,1703388589557285377,0.0026954177898232956,0.36920345
buy,0.3045822102426427,5.0,ok,277,1.32457215 ETH,1703388593625760256,1703388593634148864,-0.0026954177898232956,0.3687817
buy,0.307277628032466,5.0,ok,278,1.32624048 ETH,1703388597694235136,1703388597694235137,0.0026954177898232956,0.36920345
buy,0.307277628032466,5.0,ok,279,1.32790881 ETH,1703388601745932800,1703388601754321408,0.0,0.36920345
sell,0.5229110512129864,0.001,ok,280,1.32690881 ETH,1703388605856350720,1703388605856350721,0.21563342318052042,0.3974278
sell,0.5202156334232768,0.001,ok,281,1.32590881 ETH,1703388609933214208,1703388609933214209,0.21293800539081081,0.39713675
sell,0.5202156334232768,0.001,ok,282,1.32490881 ETH,1703388613959746048,1703388613959746049,0.21293800539081081,0.39713675
sell,0.5202156334232768,0.001,ok,283,1.32390881 ETH,1703388617977889280,1703388617977889281,0.21293800539081081,0.39713675
sell,0.956873315363964,0.001,ok,284,1.32290881 ETH,1703388622071529984,1703388622071529985,0.6495956873314981,0.43046314
sell,0.962264150943497,0.001,ok,285,1.32190881 ETH,1703388626089673216,1703388626089673217,0.654986522911031,0.43074632
sell,0.962264150943497,0.001,ok,286,1.32090881 ETH,1703388630124593664,1703388630124593665,0.654986522911031,0.43074632
sell,0.962264150943497,0.001,ok,287,1.31990881 ETH,1703388634159514112,1703388634159514113,0.654986522911031,0.43074632
sell,0.962264150943497,0.001,ok,288,1.31890881 ETH,1703388638278320640,1703388638278320641,0.654986522911031,0.43074632
sell,0.962264150943497,0.001,ok,289,1.31790881 ETH,1703388642355184128,1703388642355184129,0.654986522911031,0.43074632
sell,0.9973045822102904,0.001,ok,290,1.31690881 ETH,1703388646381715968,1703388646381715969,0.6900269541778243,0.4325335
sell,0.9973045822102904,0.001,ok,291,1.31590881 ETH,1703388650525688320,1703388650525688321,0.6900269541778243,0.4325335
sell,0.9973045822102904,0.001,ok,292,1.31490881 ETH,1703388654577385984,1703388654577385985,0.6900269541778243,0.4325335
sell,1.0,0.001,ok,293,1.31390881 ETH,1703388658645860864,1703388658645860865,0.692722371967534,0.43266726
sell,1.0,0.001,ok,294,1.31290881 ETH,1703388662664004096,1703388662664004097,0.692722371967534,0.43266726
sell,0.983827493261515,0.001,ok,295,1.31190881 ETH,1703388666698924544,1703388666698924545,0.6765498652290489,0.43185687
sell,0.9865229110513384,0.001,ok,296,1.31090881 ETH,1703388670725456384,1703388670725456385,0.6792452830188724,0.4319933
sell,0.6981132075471805,0.001,ok,297,1.30990881 ETH,1703388674802319872,1703388674802319873,0.39083557951471454,0.41367662
sell,0.9865229110513384,0.001,ok,298,1.30890881 ETH,1703388678803685888,1703388678803685889,0.6792452830188724,0.4319933
sell,0.9865229110513384,0.001,ok,299,1.30790881 ETH,1703388682863772160,1703388682863772161,0.6792452830188724,0.4319933
sell,0.9865229110513384,0.001,ok,300,1.30690881 ETH,1703388686907081216,1703388686907081217,0.6792452830188724,0.4319933
buy,0.2318059299192327,5.0,ok,301,1.30857714 ETH,1703388690967167488,1703388690967167489,-0.07547169811323329,0.35671616
buy,0.2318059299192327,5.0,ok,302,1.31024547 ETH,1703388695010476544,1703388695010476545,0.0,0.35671616
buy,0.2318059299192327,5.0,ok,303,1.31191380 ETH,1703388699053785600,1703388699053785601,0.0,0.35671616
buy,0.2318059299192327,5.0,ok,304,1.31358213 ETH,1703388703164203520,1703388703164203521,0.0,0.35671616
buy,0.2371967654986519,5.0,ok,305,1.31525046 ETH,1703388707190735360,1703388707190735361,0.00539083557941919,0.3576543
buy,0.0,5.0,ok,306,1.31691879 ETH,1703388711250821632,1703388711250821633,-0.2371967654986519,0.31092376
buy,0.2371967654986519,5.0,ok,307,1.31858712 ETH,1703388715252187648,1703388715252187649,0.2371967654986519,0.3576543
buy,0.2371967654986519,5.0,ok,308,1.32025545 ETH,1703388719303885312,1703388719303885313,0.0,0.3576543
buy,0.0026954177898232,5.0,ok,309,1.32192378 ETH,1703388723439469056,1703388723447857664,-0.2345013477088287,0.31149793
buy,0.0026954177898232,5.0,ok,310,1.32359211 ETH,1703388727491166720,1703388727491166721,0.0,0.31149793
buy,0.0026954177898232,5.0,ok,311,1.32526044 ETH,1703388731534475776,1703388731534475777,0.0,0.31149793
buy,0.0026954177898232,5.0,ok,312,1.32692877 ETH,1703388735527453184,1703388735527453185,0.0,0.31149793
buy,0.0,5.0,ok,313,1.32859710 ETH,1703388739604316672,1703388739604316673,-0.0026954177898232,0.31092376
buy,0.0,5.0,ok,314,1.33026543 ETH,1703388743630848512,1703388743630848513,0.0,0.31092376
buy,0.0053908355795329,5.0,ok,315,1.33193376 ETH,1703388747665768960,1703388747665768961,0.0053908355795329,0.3120717
buy,0.0053908355795329,5.0,ok,316,1.33360209 ETH,1703388751751021056,1703388751751021057,0.0,0.3120717
buy,0.0053908355795329,5.0,ok,317,1.33527042 ETH,1703388755777552896,1703388755777552897,0.0,0.3120717
buy,0.0053908355795329,5.0,ok,318,1.33693875 ETH,1703388759778918912,1703388759778918913,0.0,0.3120717
buy,0.1590296495957091,5.0,ok,319,1.33860708 ETH,1703388763872559616,1703388763872559617,0.15363881401617618,0.34339187
buy,0.307277628032466,5.0,ok,320,1.34027541 ETH,1703388767966200320,1703388767966200321,0.1482479784367569,0.36920345
buy,0.1590296495957091,5.0,ok,321,1.34194374 ETH,1703388772026286592,1703388772026286593,-0.1482479784367569,0.34339187
buy,0.1590296495957091,5.0,ok,322,1.34361207 ETH,1703388776094761472,1703388776094761473,0.0,0.34339187
buy,0.3045822102426427,5.0,ok,323,1.34528040 ETH,1703388780138070528,1703388780138070529,0.14555256064693362,0.3687817
sell,0.3962264150944747,0.001,ok,324,1.34428040 ETH,1703388784198156800,1703388784198156801,0.091644204851832,0.38212785
buy,0.3045822102426427,5.0,ok,325,1.34594873 ETH,1703388788367294976,1703388788367294977,0.0,0.3687817
buy,0.3045822102426427,5.0,ok,326,1.34761706 ETH,1703388792393826816,1703388792393826817,0.0,0.3687817
buy,0.307277628032466,5.0,ok,327,1.34928539 ETH,1703388796487467520,1703388796487467521,0.0026954177898232956,0.36920345
buy,0.3045822102426427,5.0,ok,328,1.35095372 ETH,1703388800539165184,1703388800539165185,-0.0026954177898232956,0.3687817
buy,0.307277628032466,5.0,ok,329,1.35262205 ETH,1703388804599251456,1703388804599251457,0.0026954177898232956,0.36920345
buy,0.307277628032466,5.0,ok,330,1.35429038 ETH,1703388808650949120,1703388808650949121,0.0,0.36920345
sell,0.5229110512129864,0.001,ok,331,1.35329038 ETH,1703388812719424000,1703388812719424001,0.21563342318052042,0.3974278
sell,0.5202156334232768,0.001,ok,332,1.35229038 ETH,1703388816821453312,1703388816821453313,0.21293800539081081,0.39713675
sell,0.5202156334232768,0.001,ok,333,1.35129038 ETH,1703388820839596544,1703388820839596545,0.21293800539081081,0.39713675
sell,0.5202156334232768,0.001,ok,334,1.35029038 ETH,1703388824899682816,1703388824899682817,0.21293800539081081,0.39713675
sell,0.956873315363964,0.001,ok,335,1.34929038 ETH,1703388828917826048,1703388828917826049,0.6495956873314981,0.43046314
sell,0.962264150943497,0.001,ok,336,1.34829038 ETH,1703388832977912320,1703388832977912321,0.654986522911031,0.43074632
sell,0.962264150943497,0.001,ok,337,1.34729038 ETH,1703388837046387200,1703388837054775808,0.654986522911031,0.43074632
sell,0.962264150943497,0.001,ok,338,1.34629038 ETH,1703388841081307648,1703388841081307649,0.654986522911031,0.43074632
sell,0.962264150943497,0.001,ok,339,1.34529038 ETH,1703388845200114176,1703388845200114177,0.654986522911031,0.43074632
sell,0.962264150943497,0.001,ok,340,1.34429038 ETH,1703388849251811840,1703388849251811841,0.654986522911031,0.43074632
sell,0.9973045822102904,0.001,ok,341,1.34329038 ETH,1703388853320286720,1703388853320286721,0.6900269541778243,0.4325335
sell,0.9973045822102904,0.001,ok,342,1.34229038 ETH,1703388857464259072,1703388857464259073,0.6900269541778243,0.4325335
sell,0.9973045822102904,0.001,ok,343,1.34129038 ETH,1703388861499179520,1703388861499179521,0.6900269541778243,0.4325335
sell,1.0,0.001,ok,344,1.34029038 ETH,1703388865584431616,1703388865584431617,0.692722371967534,0.43266726
sell,1.0,0.001,ok,345,1.33929038 ETH,1703388869610963456,1703388869610963457,0.692722371967534,0.43266726
sell,0.983827493261515,0.001,ok,346,1.33829038 ETH,1703388873662661120,1703388873662661121,0.6765498652290489,0.43185687
sell,0.9865229110513384,0.001,ok,347,1.33729038 ETH,1703388877747913216,1703388877747913217,0.6792452830188724,0.4319933
sell,0.6981132075471805,0.001,ok,348,1.33629038 ETH,1703388881774445056,1703388881774445057,0.39083557951471454,0.41367662
sell,0.9865229110513384,0.001,ok,349,1.33529038 ETH,1703388885834531328,1703388885834531329,0.6792452830188724,0.4319933
sell,0.9865229110513384,0.001,ok,350,1.33429038 ETH,1703388889894617600,1703388889894617601,0.6792452830188724,0.4319933
buy,0.2318059299192327,5.0,ok,351,1.33595871 ETH,1703388893921149440,1703388893929538048,-0.07547169811323329,0.35671616
buy,0.2318059299192327,5.0,ok,352,1.33762704 ETH,1703388897981235712,1703388897981235713,0.0,0.35671616
buy,0.2318059299192327,5.0,ok,353,1.33929537 ETH,1703388902032933376,1703388902032933377,0.0,0.35671616
buy,0.2318059299192327,5.0,ok,354,1.34096370 ETH,1703388906067853824,1703388906067853825,0.0,0.35671616
buy,0.2371967654986519,5.0,ok,355,1.34263203 ETH,1703388910111162880,1703388910111162881,0.00539083557941919,0.3576543
buy,0.0,5.0,ok,356,1.34430036 ETH,1703388914146083328,1703388914146083329,-0.2371967654986519,0.31092376
buy,0.2371967654986519,5.0,ok,357,1.34596869 ETH,1703388918206169600,1703388918206169601,0.2371967654986519,0.3576543
buy,0.2371967654986519,5.0,ok,358,1.34763702 ETH,1703388922333364736,1703388922333364737,0.0,0.3576543
buy,0.0026954177898232,5.0,ok,359,1.34930535 ETH,1703388926385062400,1703388926385062401,-0.2345013477088287,0.31149793
buy,0.0026954177898232,5.0,ok,360,1.35097368 ETH,1703388930419982848,1703388930419982849,0.0,0.31149793
buy,0.0026954177898232,5.0,ok,361,1.35264201 ETH,1703388934480069120,1703388934480069121,0.0,0.31149793
buy,0.0026954177898232,5.0,ok,362,1.35431034 ETH,1703388938540155392,1703388938540155393,0.0,0.31149793
buy,0.0,5.0,ok,363,1.35597867 ETH,1703388942600241664,1703388942600241665,-0.0026954177898232,0.31092376
buy,0.0,5.0,ok,364,1.35764700 ETH,1703388946651939328,1703388946651939329,0.0,0.31092376
buy,0.0053908355795329,5.0,ok,365,1.35931533 ETH,1703388950678471168,1703388950678471169,0.0053908355795329,0.3120717
buy,0.0053908355795329,5.0,ok,366,1.36098366 ETH,1703388954713391616,1703388954713391617,0.0,0.3120717
buy,0.0053908355795329,5.0,ok,367,1.36265199 ETH,1703388958739923456,1703388958739923457,0.0,0.3120717
buy,0.0053908355795329,5.0,ok,368,1.36432032 ETH,1703388962800009728,1703388962800009729,0.0,0.3120717
buy,0.1590296495957091,5.0,ok,369,1.36598865 ETH,1703388966851707392,1703388966851707393,0.15363881401617618,0.34339187
buy,0.307277628032466,5.0,ok,370,1.36765698 ETH,1703388970928570880,1703388970928570881,0.1482479784367569,0.36920345
buy,0.1590296495957091,5.0,ok,371,1.36932531 ETH,1703388975013822976,1703388975013822977,-0.1482479784367569,0.34339187
buy,0.1590296495957091,5.0,ok,372,1.37099364 ETH,1703388979090686464,1703388979090686465,0.0,0.34339187
buy,0.3045822102426427,5.0,ok,373,1.37266197 ETH,1703388983159161344,1703388983159161345,0.14555256064693362,0.3687817
sell,0.3962264150944747,0.001,ok,374,1.37166197 ETH,1703388987185693184,1703388987185693185,0.091644204851832,0.38212785
buy,0.3045822102426427,5.0,ok,375,1.37333030 ETH,1703388991212225024,1703388991212225025,0.0,0.3687817
buy,0.3045822102426427,5.0,ok,376,1.37499863 ETH,1703388995238756864,1703388995238756865,0.0,0.3687817
buy,0.307277628032466,5.0,ok,377,1.37666696 ETH,1703388999256900096,1703388999256900097,0.0026954177898232956,0.36920345
buy,0.3045822102426427,5.0,ok,378,1.37833529 ETH,1703389003308597760,1703389003308597761,-0.0026954177898232956,0.3687817
buy,0.307277628032466,5.0,ok,379,1.38000362 ETH,1703389007335129600,1703389007335129601,0.0026954177898232956,0.36920345
buy,0.307277628032466,5.0,ok,380,1.38167195 ETH,1703389011411993088,1703389011411993089,0.0,0.36920345
sell,0.5229110512129864,0.001,ok,381,1.38067195 ETH,1703389015488856576,1703389015488856577,0.21563342318052042,0.3974278
sell,0.5202156334232768,0.001,ok,382,1.37967195 ETH,1703389019523777024,1703389019523777025,0.21293800539081081,0.39713675
sell,0.5202156334232768,0.001,ok,383,1.37867195 ETH,1703389023558697472,1703389023558697473,0.21293800539081081,0.39713675
sell,0.5202156334232768,0.001,ok,384,1.37767195 ETH,1703389027576840704,1703389027576840705,0.21293800539081081,0.39713675
sell,0.956873315363964,0.001,ok,385,1.37667195 ETH,1703389031653704192,1703389031653704193,0.6495956873314981,0.43046314
sell,0.962264150943497,0.001,ok,386,1.37567195 ETH,1703389035697013248,1703389035697013249,0.654986522911031,0.43074632
sell,0.962264150943497,0.001,ok,387,1.37467195 ETH,1703389039773876736,1703389039773876737,0.654986522911031,0.43074632
sell,0.962264150943497,0.001,ok,388,1.37367195 ETH,1703389043817185792,1703389043817185793,0.654986522911031,0.43074632
sell,0.962264150943497,0.001,ok,389,1.37267195 ETH,1703389047843717632,1703389047843717633,0.654986522911031,0.43074632
sell,0.962264150943497,0.001,ok,390,1.37167195 ETH,1703389051887026688,1703389051887026689,0.654986522911031,0.43074632
sell,0.9973045822102904,0.001,ok,391,1.37067195 ETH,1703389055905169920,1703389055905169921,0.6900269541778243,0.4325335
sell,0.9973045822102904,0.001,ok,392,1.36967195 ETH,1703389059990422016,1703389059990422017,0.6900269541778243,0.4325335
sell,0.9973045822102904,0.001,ok,393,1.36867195 ETH,1703389064042119680,1703389064042119681,0.6900269541778243,0.4325335
sell,1.0,0.001,ok,394,1.36767195 ETH,1703389068102205952,1703389068102205953,0.692722371967534,0.43266726
sell,1.0,0.001,ok,395,1.36667195 ETH,1703389072145515008,1703389072145515009,0.692722371967534,0.43266726
sell,0.983827493261515,0.001,ok,396,1.36567195 ETH,1703389076205601280,1703389076205601281,0.6765498652290489,0.43185687
sell,0.9865229110513384,0.001,ok,397,1.36467195 ETH,1703389080240521728,1703389080240521729,0.6792452830188724,0.4319933
sell,0.6981132075471805,0.001,ok,398,1.36367195 ETH,1703389084350939648,1703389084350939649,0.39083557951471454,0.41367662
sell,0.9865229110513384,0.001,ok,399,1.36267195 ETH,1703389088780124672,1703389088780124673,0.6792452830188724,0.4319933
sell,0.9865229110513384,0.001,ok,400,1.36167195 ETH,1703389092798267904,1703389092798267905,0.6792452830188724,0.4319933
buy,0.2318059299192327,5.0,ok,401,1.36334028 ETH,1703389096866742784,1703389096866742785,-0.07547169811323329,0.35671616
buy,0.2318059299192327,5.0,ok,402,1.36500861 ETH,1703389100910051840,1703389100910051841,0.0,0.35671616
buy,0.2318059299192327,5.0,ok,403,1.36667694 ETH,1703389105012081152,1703389105012081153,0.0,0.35671616
buy,0.2318059299192327,5.0,ok,404,1.36834527 ETH,1703389109072167424,1703389109072167425,0.0,0.35671616
buy,0.2371967654986519,5.0,ok,405,1.37001360 ETH,1703389113098699264,1703389113098699265,0.00539083557941919,0.3576543
buy,0.0,5.0,ok,406,1.37168193 ETH,1703389117158785536,1703389117158785537,-0.2371967654986519,0.31092376
buy,0.2371967654986519,5.0,ok,407,1.37335026 ETH,1703389121176928768,1703389121176928769,0.2371967654986519,0.3576543
buy,0.2371967654986519,5.0,ok,408,1.37501859 ETH,1703389125245403648,1703389125245403649,0.0,0.3576543
buy,0.0026954177898232,5.0,ok,409,1.37668692 ETH,1703389129288712704,1703389129288712705,-0.2345013477088287,0.31149793
buy,0.0026954177898232,5.0,ok,410,1.37835525 ETH,1703389133399130624,1703389133399130625,0.0,0.31149793
buy,0.0026954177898232,5.0,ok,411,1.38002358 ETH,1703389137392108032,1703389137392108033,0.0,0.31149793
buy,0.0026954177898232,5.0,ok,412,1.38169191 ETH,1703389141578023424,1703389141578023425,0.0,0.31149793
buy,0.0,5.0,ok,413,1.38336024 ETH,1703389145604555264,1703389145604555265,-0.0026954177898232,0.31092376
buy,0.0,5.0,ok,414,1.38502857 ETH,1703389149605921280,1703389149605921281,0.0,0.31092376
buy,0.0053908355795329,5.0,ok,415,1.38669690 ETH,1703389153682784768,1703389153682784769,0.0053908355795329,0.3120717
buy,0.0053908355795329,5.0,ok,416,1.38836523 ETH,1703389157726093824,1703389157726093825,0.0,0.3120717
buy,0.0053908355795329,5.0,ok,417,1.39003356 ETH,1703389161761014272,1703389161761014273,0.0,0.3120717
buy,0.0053908355795329,5.0,ok,418,1.39170189 ETH,1703389165812711936,1703389165812711937,0.0,0.3120717
buy,0.1590296495957091,5.0,ok,419,1.39337022 ETH,1703389169839243776,1703389169839243777,0.15363881401617618,0.34339187
buy,0.307277628032466,5.0,ok,420,1.39503855 ETH,1703389173874164224,1703389173874164225,0.1482479784367569,0.36920345
buy,0.1590296495957091,5.0,ok,421,1.39670688 ETH,1703389177900696064,1703389177900696065,-0.1482479784367569,0.34339187
buy,0.1590296495957091,5.0,ok,422,1.39837521 ETH,1703389182027891200,1703389182027891201,0.0,0.34339187
buy,0.3045822102426427,5.0,ok,423,1.40004354 ETH,1703389186062811648,1703389186062811649,0.14555256064693362,0.3687817
sell,0.3962264150944747,0.001,ok,424,1.39904354 ETH,1703389190097732096,1703389190097732097,0.091644204851832,0.38212785
buy,0.3045822102426427,5.0,ok,425,1.40071187 ETH,1703389194157818368,1703389194157818369,0.0,0.3687817
buy,0.3045822102426427,5.0,ok,426,1.40238020 ETH,1703389198226293248,1703389198226293249,0.0,0.3687817
buy,0.307277628032466,5.0,ok,427,1.40404853 ETH,1703389202252825088,1703389202252825089,0.0026954177898232956,0.36920345
buy,0.3045822102426427,5.0,ok,428,1.40571686 ETH,1703389206312911360,1703389206312911361,-0.0026954177898232956,0.3687817
buy,0.307277628032466,5.0,ok,429,1.40738519 ETH,1703389210389774848,1703389210389774849,0.0026954177898232956,0.36920345
buy,0.307277628032466,5.0,ok,430,1.40905352 ETH,1703389214416306688,1703389214416306689,0.0,0.36920345
sell,0.5229110512129864,0.001,ok,431,1.40805352 ETH,1703389218476392960,1703389218476392961,0.21563342318052042,0.3974278
sell,0.5202156334232768,0.001,ok,432,1.40705352 ETH,1703389222502924800,1703389222502924801,0.21293800539081081,0.39713675
sell,0.5202156334232768,0.001,ok,433,1.40605352 ETH,1703389226571399680,1703389226571399681,0.21293800539081081,0.39713675
sell,0.5202156334232768,0.001,ok,434,1.40505352 ETH,1703389230623097344,1703389230623097345,0.21293800539081081,0.39713675
sell,0.956873315363964,0.001,ok,435,1.40405352 ETH,1703389234683183616,1703389234683183617,0.6495956873314981,0.43046314
sell,0.962264150943497,0.001,ok,436,1.40305352 ETH,1703389238718104064,1703389238718104065,0.654986522911031,0.43074632
sell,0.962264150943497,0.001,ok,437,1.40205352 ETH,1703389242736247296,1703389242736247297,0.654986522911031,0.43074632
sell,0.962264150943497,0.001,ok,438,1.40105352 ETH,1703389246813110784,1703389246813110785,0.654986522911031,0.43074632
sell,0.962264150943497,0.001,ok,439,1.40005352 ETH,1703389250856419840,1703389250856419841,0.654986522911031,0.43074632
sell,0.962264150943497,0.001,ok,440,1.39905352 ETH,1703389254916506112,1703389254916506113,0.654986522911031,0.43074632
sell,0.9973045822102904,0.001,ok,441,1.39805352 ETH,1703389258968203776,1703389258968203777,0.6900269541778243,0.4325335
sell,0.9973045822102904,0.001,ok,442,1.39705352 ETH,1703389263028290048,1703389263028290049,0.6900269541778243,0.4325335
sell,0.9973045822102904,0.001,ok,443,1.39605352 ETH,1703389267054821888,1703389267054821889,0.6900269541778243,0.4325335
sell,1.0,0.001,ok,444,1.39505352 ETH,1703389271081353728,1703389271081353729,0.692722371967534,0.43266726
sell,1.0,0.001,ok,445,1.39405352 ETH,1703389275124662784,1703389275124662785,0.692722371967534,0.43266726
sell,0.983827493261515,0.001,ok,446,1.39305352 ETH,1703389279184749056,1703389279184749057,0.6765498652290489,0.43185687
sell,0.9865229110513384,0.001,ok,447,1.39205352 ETH,1703389283270001152,1703389283270001153,0.6792452830188724,0.4319933
sell,0.6981132075471805,0.001,ok,448,1.39105352 ETH,1703389287531414016,1703389287539802624,0.39083557951471454,0.41367662
sell,0.9865229110513384,0.001,ok,449,1.39005352 ETH,1703389291625054720,1703389291625054721,0.6792452830188724,0.4319933
sell,0.9865229110513384,0.001,ok,450,1.38905352 ETH,1703389295626420736,1703389295626420737,0.6792452830188724,0.4319933
buy,0.2318059299192327,5.0,ok,451,1.39072185 ETH,1703389299669729792,1703389299669729793,-0.07547169811323329,0.35671616
buy,0.2318059299192327,5.0,ok,452,1.39239018 ETH,1703389303704650240,1703389303704650241,0.0,0.35671616
buy,0.2318059299192327,5.0,ok,453,1.39405851 ETH,1703389307764736512,1703389307764736513,0.0,0.35671616
buy,0.2318059299192327,5.0,ok,454,1.39572684 ETH,1703389311774491136,1703389311774491137,0.0,0.35671616
buy,0.2371967654986519,5.0,ok,455,1.39739517 ETH,1703389315834577408,1703389315834577409,0.00539083557941919,0.3576543
buy,0.0,5.0,ok,456,1.39906350 ETH,1703389319877886464,1703389319877886465,-0.2371967654986519,0.31092376
buy,0.2371967654986519,5.0,ok,457,1.40073183 ETH,1703389323937972736,1703389323937972737,0.2371967654986519,0.3576543
buy,0.2371967654986519,5.0,ok,458,1.40240016 ETH,1703389327998059008,1703389327998059009,0.0,0.3576543
buy,0.0026954177898232,5.0,ok,459,1.40406849 ETH,1703389332032979456,1703389332032979457,-0.2345013477088287,0.31149793
buy,0.0026954177898232,5.0,ok,460,1.40573682 ETH,1703389336109842944,1703389336109842945,0.0,0.31149793
buy,0.0026954177898232,5.0,ok,461,1.40740515 ETH,1703389340127986176,1703389340127986177,0.0,0.31149793
buy,0.0026954177898232,5.0,ok,462,1.40907348 ETH,1703389344162906624,1703389344162906625,0.0,0.31149793
buy,0.0,5.0,ok,463,1.41074181 ETH,1703389348214604288,1703389348214604289,-0.0026954177898232,0.31092376
buy,0.0,5.0,ok,464,1.41241014 ETH,1703389352249524736,1703389352249524737,0.0,0.31092376
buy,0.0053908355795329,5.0,ok,465,1.41407847 ETH,1703389356309611008,1703389356309611009,0.0053908355795329,0.3120717
buy,0.0053908355795329,5.0,ok,466,1.41574680 ETH,1703389360352920064,1703389360352920065,0.0,0.3120717
buy,0.0053908355795329,5.0,ok,467,1.41741513 ETH,1703389364421394944,1703389364421394945,0.0,0.3120717
buy,0.0053908355795329,5.0,ok,468,1.41908346 ETH,1703389368489869824,1703389368489869825,0.0,0.3120717
buy,0.1590296495957091,5.0,ok,469,1.42075179 ETH,1703389372583510528,1703389372583510529,0.15363881401617618,0.34339187
buy,0.307277628032466,5.0,ok,470,1.42242012 ETH,1703389376584876544,1703389376584876545,0.1482479784367569,0.36920345
buy,0.1590296495957091,5.0,ok,471,1.42408845 ETH,1703389380695294464,1703389380695294465,-0.1482479784367569,0.34339187
buy,0.1590296495957091,5.0,ok,472,1.42575678 ETH,1703389384738603520,1703389384738603521,0.0,0.34339187
buy,0.3045822102426427,5.0,ok,473,1.42742511 ETH,1703389388798689792,1703389388807078400,0.14555256064693362,0.3687817
sell,0.3962264150944747,0.001,ok,474,1.42642511 ETH,1703389392892330496,1703389392892330497,0.091644204851832,0.38212785
buy,0.3045822102426427,5.0,ok,475,1.42809344 ETH,1703389396918862336,1703389396918862337,0.0,0.3687817
buy,0.3045822102426427,5.0,ok,476,1.42976177 ETH,1703389400945394176,1703389400945394177,0.0,0.3687817
buy,0.307277628032466,5.0,ok,477,1.43143010 ETH,1703389405013869056,1703389405013869057,0.0026954177898232956,0.36920345
buy,0.3045822102426427,5.0,ok,478,1.43309843 ETH,1703389409132675584,1703389409132675585,-0.0026954177898232956,0.3687817
buy,0.307277628032466,5.0,ok,479,1.43476676 ETH,1703389413167596032,1703389413167596033,0.0026954177898232956,0.36920345
buy,0.307277628032466,5.0,ok,480,1.43643509 ETH,1703389417227682304,1703389417227682305,0.0,0.36920345
sell,0.5229110512129864,0.001,ok,481,1.43543509 ETH,1703389421270991360,1703389421270991361,0.21563342318052042,0.3974278
sell,0.5202156334232768,0.001,ok,482,1.43443509 ETH,1703389425305911808,1703389425305911809,0.21293800539081081,0.39713675
sell,0.5202156334232768,0.001,ok,483,1.43343509 ETH,1703389429357609472,1703389429357609473,0.21293800539081081,0.39713675
sell,0.5202156334232768,0.001,ok,484,1.43243509 ETH,1703389433409307136,1703389433409307137,0.21293800539081081,0.39713675
sell,0.956873315363964,0.001,ok,485,1.43143509 ETH,1703389437427450368,1703389437427450369,0.6495956873314981,0.43046314
sell,0.962264150943497,0.001,ok,486,1.43043509 ETH,1703389441462370816,1703389441462370817,0.654986522911031,0.43074632
sell,0.962264150943497,0.001,ok,487,1.42943509 ETH,1703389445572788736,1703389445572788737,0.654986522911031,0.43074632
sell,0.962264150943497,0.001,ok,488,1.42843509 ETH,1703389449599320576,1703389449599320577,0.654986522911031,0.43074632
sell,0.962264150943497,0.001,ok,489,1.42743509 ETH,1703389453625852416,1703389453625852417,0.654986522911031,0.43074632
sell,0.962264150943497,0.001,ok,490,1.42643509 ETH,1703389457685938688,1703389457685938689,0.654986522911031,0.43074632
sell,0.9973045822102904,0.001,ok,491,1.42543509 ETH,1703389461729247744,1703389461729247745,0.6900269541778243,0.4325335
sell,0.9973045822102904,0.001,ok,492,1.42443509 ETH,1703389465831277056,1703389465831277057,0.6900269541778243,0.4325335
sell,0.9973045822102904,0.001,ok,493,1.42343509 ETH,1703389469924917760,1703389469924917761,0.6900269541778243,0.4325335
sell,1.0,0.001,ok,494,1.42243509 ETH,1703389473951449600,1703389473951449601,0.692722371967534,0.43266726
sell,1.0,0.001,ok,495,1.42143509 ETH,1703389477977981440,1703389477977981441,0.692722371967534,0.43266726
sell,0.983827493261515,0.001,ok,496,1.42043509 ETH,1703389482004513280,1703389482004513281,0.6765498652290489,0.43185687
sell,0.9865229110513384,0.001,ok,497,1.41943509 ETH,1703389485997490688,1703389485997490689,0.6792452830188724,0.4319933
sell,0.6981132075471805,0.001,ok,498,1.41843509 ETH,1703389490057576960,1703389490057576961,0.39083557951471454,0.41367662
sell,0.9865229110513384,0.001,ok,499,1.41743509 ETH,1703389494109274624,1703389494109274625,0.6792452830188724,0.4319933
sell,0.9865229110513384,0.001,ok,500,1.41643509 ETH,1703389498152583680,1703389498160972288,0.6792452830188724,0.4319933
